1774939315644 1.77596 0
1774939401780 1.83767 1
1774939491052 1.86581 2
1774939583375 1.94645 3
1774939669046 1.87236 4
1774939757474 1.89697 5
1774939845152 1.86091 6
1774939932395 1.85887 7
1774940020928 1.82645 8
1774940108726 1.78755 9
1774940196591 1.71123 10
1774940283324 1.71585 11
1774940368918 1.72087 12
1774940455002 1.69203 13
1774940541207 1.64953 14
1774940626391 1.66394 15
1774940717368 1.57258 16
1774940811252 1.60461 17
1774940896473 1.57296 18
1774940981556 1.58093 19
1774941067452 1.55427 20
1774941151802 1.48316 21
1774941236683 1.47057 22
1774941324142 1.47913 23
1774941409179 1.44671 24
1774941494177 1.43085 25
1774941580224 1.40996 26
1774941665074 1.39077 27
1774941749638 1.35965 28
1774941857807 1.38339 29
