1774939315644 2.59011 0
1774939401780 2.18247 1
1774939491052 2.18984 2
1774939583375 2.19794 3
1774939669046 2.10127 4
1774939757474 2.02552 5
1774939845152 2.05268 6
1774939932395 1.96243 7
1774940020928 1.9247 8
1774940108726 1.93531 9
1774940196591 1.8768 10
1774940283324 1.81057 11
1774940368918 1.78253 12
1774940455002 1.75756 13
1774940541207 1.74411 14
1774940626391 1.76843 15
1774940717368 1.74822 16
1774940811252 1.63692 17
1774940896473 1.61628 18
1774940981556 1.66754 19
1774941067452 1.60802 20
1774941151802 1.52603 21
1774941236683 1.45811 22
1774941324142 1.41656 23
1774941409179 1.39001 24
1774941494177 1.38856 25
1774941580224 1.3552 26
1774941665074 1.36898 27
1774941749638 1.28365 28
1774941857807 1.30051 29
