1774939315644 1.56562 0
1774939401780 1.59526 1
1774939491052 1.62924 2
1774939583375 1.6634 3
1774939669046 1.60952 4
1774939757474 1.67583 5
1774939845152 1.6094 6
1774939932395 1.58674 7
1774940020928 1.55595 8
1774940108726 1.5422 9
1774940196591 1.49864 10
1774940283324 1.50974 11
1774940368918 1.49692 12
1774940455002 1.49586 13
1774940541207 1.49318 14
1774940626391 1.48415 15
1774940717368 1.43259 16
1774940811252 1.43515 17
1774940896473 1.42441 18
1774940981556 1.42878 19
1774941067452 1.42991 20
1774941151802 1.36924 21
1774941236683 1.36033 22
1774941324142 1.35392 23
1774941409179 1.34361 24
1774941494177 1.3267 25
1774941580224 1.32307 26
1774941665074 1.31498 27
1774941749638 1.28557 28
1774941857807 1.3004 29
