1774939324777 0.22316 0
1774939410176 0.20011 1
1774939499718 0.12616 2
1774939592081 0.28231 3
1774939677543 0.27097 4
1774939765982 0.22885 5
1774939853779 0.29532 6
1774939940852 0.35773 7
1774940029458 0.41993 8
1774940117604 0.43479 9
1774940205138 0.37912 10
1774940291978 0.4228 11
1774940377347 0.47308 12
1774940463452 0.47591 13
1774940549618 0.51724 14
1774940634997 0.50571 15
1774940725943 0.50826 16
1774940819680 0.52757 17
1774940904956 0.52483 18
1774940989702 0.51909 19
1774941075853 0.56603 20
1774941160204 0.55974 21
1774941246024 0.56519 22
1774941332862 0.56918 23
1774941417478 0.54938 24
1774941502788 0.58477 25
1774941588424 0.58712 26
1774941673224 0.58574 27
1774941758032 0.58971 28
1774941867752 0.59408 29
1774941877384 0.5906398709015317 29
