1774939324777 0.0908 0
1774939410176 0.0879 1
1774939499718 0.05234 2
1774939592081 0.1369 3
1774939677543 0.1261 4
1774939765982 0.11171 5
1774939853779 0.1446 6
1774939940852 0.17503 7
1774940029458 0.20938 8
1774940117604 0.22117 9
1774940205138 0.19829 10
1774940291978 0.21267 11
1774940377347 0.25523 12
1774940463452 0.2509 13
1774940549618 0.27466 14
1774940634997 0.27146 15
1774940725943 0.28385 16
1774940819680 0.29476 17
1774940904956 0.274 18
1774940989702 0.28625 19
1774941075853 0.31089 20
1774941160204 0.30365 21
1774941246024 0.31846 22
1774941332862 0.3266 23
1774941417478 0.30082 24
1774941502788 0.32901 25
1774941588424 0.33703 26
1774941673224 0.3387 27
1774941758032 0.34302 28
1774941867752 0.34274 29
1774941877384 0.3433049377614537 29
