1774939324777 0.28892 0
1774939410176 0.32062 1
1774939499718 0.20185 2
1774939592081 0.49799 3
1774939677543 0.33062 4
1774939765982 0.26475 5
1774939853779 0.34127 6
1774939940852 0.45872 7
1774940029458 0.47922 8
1774940117604 0.55507 9
1774940205138 0.45131 10
1774940291978 0.49831 11
1774940377347 0.623 12
1774940463452 0.57578 13
1774940549618 0.67416 14
1774940634997 0.58408 15
1774940725943 0.50815 16
1774940819680 0.63527 17
1774940904956 0.63087 18
1774940989702 0.66635 19
1774941075853 0.7286 20
1774941160204 0.67267 21
1774941246024 0.64006 22
1774941332862 0.68504 23
1774941417478 0.65648 24
1774941502788 0.71206 25
1774941588424 0.68269 26
1774941673224 0.66679 27
1774941758032 0.63478 28
1774941867752 0.65851 29
1774941877384 0.636087687700023 29
