1774939324777 0.30798 0
1774939410176 0.29278 1
1774939499718 0.38783 2
1774939592081 0.26236 3
1774939677543 0.38023 4
1774939765982 0.38783 5
1774939853779 0.39163 6
1774939940852 0.39163 7
1774940029458 0.42586 8
1774940117604 0.41445 9
1774940205138 0.41445 10
1774940291978 0.42299 11
1774940377347 0.42205 12
1774940463452 0.46008 13
1774940549618 0.44841 14
1774940634997 0.47529 15
1774940725943 0.50675 16
1774940819680 0.45697 17
1774940904956 0.51331 18
1774940989702 0.45627 19
1774941075853 0.44867 20
1774941160204 0.48669 21
1774941246024 0.52852 22
1774941332862 0.5019 23
1774941417478 0.50138 24
1774941502788 0.51331 25
1774941588424 0.53612 26
1774941673224 0.52852 27
1774941758032 0.55513 28
1774941867752 0.55133 29
1774941877384 0.5551330798479087 29
