1774939315644 0.0006610644257703082 0
1774939401780 0.0012839159663865546 1
1774939491052 0.0018627675070028013 2
1774939583375 0.001802 3
1774939669046 0.0017360000000000001 4
1774939757474 0.0016700000000000003 5
1774939845152 0.0016040000000000002 6
1774939932395 0.0015379999999999999 7
1774940020928 0.0014720000000000002 8
1774940108726 0.001406 9
1774940196591 0.00134 10
1774940283324 0.001274 11
1774940368918 0.001208 12
1774940455002 0.001142 13
1774940541207 0.0010760000000000001 14
1774940626391 0.00101 15
1774940717368 0.0009440000000000001 16
1774940811252 0.000878 17
1774940896473 0.0008120000000000001 18
1774940981556 0.0007460000000000001 19
1774941067452 0.00068 20
1774941151802 0.0006140000000000001 21
1774941236683 0.0005480000000000002 22
1774941324142 0.00048199999999999995 23
1774941409179 0.0004159999999999999 24
1774941494177 0.00034999999999999994 25
1774941580224 0.00028399999999999996 26
1774941665074 0.00021799999999999996 27
1774941749638 0.00015199999999999998 28
1774941857807 8.599999999999999e-05 29
