1774941879102 0.22316 1
1774941879182 0.20011 2
1774941879252 0.12616 3
1774941879310 0.28231 4
1774941879374 0.27097 5
1774941879437 0.22885 6
1774941879505 0.29532 7
1774941879564 0.35773 8
1774941879624 0.41993 9
1774941879676 0.43479 10
1774941879740 0.37912 11
1774941879804 0.4228 12
1774941879855 0.47308 13
1774941879924 0.47591 14
1774941879978 0.51724 15
1774941880026 0.50571 16
1774941880090 0.50826 17
1774941880154 0.52757 18
1774941880202 0.52483 19
1774941880268 0.51909 20
1774941880324 0.56603 21
1774941880377 0.55974 22
1774941880441 0.56519 23
1774941880505 0.56918 24
1774941880568 0.54938 25
1774941880637 0.58477 26
1774941880702 0.58712 27
1774941880775 0.58574 28
1774941880839 0.58971 29
1774941880902 0.59408 30
