1774941879102 0.0908 1
1774941879182 0.0879 2
1774941879252 0.05234 3
1774941879318 0.1369 4
1774941879374 0.1261 5
1774941879437 0.11171 6
1774941879510 0.1446 7
1774941879568 0.17503 8
1774941879628 0.20938 9
1774941879691 0.22117 10
1774941879752 0.19829 11
1774941879804 0.21267 12
1774941879869 0.25523 13
1774941879930 0.2509 14
1774941879978 0.27466 15
1774941880042 0.27146 16
1774941880102 0.28385 17
1774941880155 0.29476 18
1774941880217 0.274 19
1774941880274 0.28625 20
1774941880329 0.31089 21
1774941880387 0.30365 22
1774941880441 0.31846 23
1774941880506 0.3266 24
1774941880573 0.30082 25
1774941880637 0.32901 26
1774941880702 0.33703 27
1774941880775 0.3387 28
1774941880839 0.34302 29
1774941880902 0.34274 30
