1774941879086 0.28892 1
1774941879173 0.32062 2
1774941879231 0.20185 3
1774941879302 0.49799 4
1774941879358 0.33062 5
1774941879424 0.26475 6
1774941879485 0.34127 7
1774941879552 0.45872 8
1774941879613 0.47922 9
1774941879674 0.55507 10
1774941879724 0.45131 11
1774941879788 0.49831 12
1774941879854 0.623 13
1774941879902 0.57578 14
1774941879968 0.67416 15
1774941880026 0.58408 16
1774941880074 0.50815 17
1774941880138 0.63527 18
1774941880186 0.63087 19
1774941880252 0.66635 20
1774941880313 0.7286 21
1774941880368 0.67267 22
1774941880425 0.64006 23
1774941880489 0.68504 24
1774941880553 0.65648 25
1774941880624 0.71206 26
1774941880680 0.68269 27
1774941880759 0.66679 28
1774941880824 0.63478 29
1774941880888 0.65851 30
