1774941879086 0.30798 1
1774941879182 0.29278 2
1774941879231 0.38783 3
1774941879302 0.26236 4
1774941879368 0.38023 5
1774941879424 0.38783 6
1774941879499 0.39163 7
1774941879552 0.39163 8
1774941879618 0.42586 9
1774941879676 0.41445 10
1774941879740 0.41445 11
1774941879788 0.42299 12
1774941879855 0.42205 13
1774941879918 0.46008 14
1774941879974 0.44841 15
1774941880026 0.47529 16
1774941880090 0.50675 17
1774941880138 0.45697 18
1774941880202 0.51331 19
1774941880252 0.45627 20
1774941880318 0.44867 21
1774941880377 0.48669 22
1774941880425 0.52852 23
1774941880489 0.5019 24
1774941880553 0.50138 25
1774941880632 0.51331 26
1774941880696 0.53612 27
1774941880768 0.52852 28
1774941880824 0.55513 29
1774941880901 0.55133 30
