1774941879055 1.77596 1
1774941879136 1.83767 2
1774941879218 1.86581 3
1774941879279 1.94645 4
1774941879341 1.87236 5
1774941879405 1.89697 6
1774941879469 1.86091 7
1774941879532 1.85887 8
1774941879596 1.82645 9
1774941879652 1.78755 10
1774941879708 1.71123 11
1774941879774 1.71585 12
1774941879835 1.72087 13
1774941879886 1.69203 14
1774941879952 1.64953 15
1774941880010 1.66394 16
1774941880068 1.57258 17
1774941880124 1.60461 18
1774941880176 1.57296 19
1774941880233 1.58093 20
1774941880297 1.55427 21
1774941880352 1.48316 22
1774941880409 1.47057 23
1774941880473 1.47913 24
1774941880537 1.44671 25
1774941880602 1.43085 26
1774941880668 1.40996 27
1774941880743 1.39077 28
1774941880807 1.35965 29
1774941880874 1.38339 30
