1774941879073 2.59011 1
1774941879152 2.18247 2
1774941879224 2.18984 3
1774941879279 2.19794 4
1774941879341 2.10127 5
1774941879406 2.02552 6
1774941879474 2.05268 7
1774941879532 1.96243 8
1774941879602 1.9247 9
1774941879662 1.93531 10
1774941879718 1.8768 11
1774941879774 1.81057 12
1774941879835 1.78253 13
1774941879898 1.75756 14
1774941879952 1.74411 15
1774941880010 1.76843 16
1774941880074 1.74822 17
1774941880124 1.63692 18
1774941880186 1.61628 19
1774941880233 1.66754 20
1774941880302 1.60802 21
1774941880352 1.52603 22
1774941880418 1.45811 23
1774941880474 1.41656 24
1774941880537 1.39001 25
1774941880602 1.38856 26
1774941880673 1.3552 27
1774941880743 1.36898 28
1774941880818 1.28365 29
1774941880874 1.30051 30
