1774941879073 1.56562 1
1774941879152 1.59526 2
1774941879231 1.62924 3
1774941879294 1.6634 4
1774941879357 1.60952 5
1774941879418 1.67583 6
1774941879484 1.6094 7
1774941879548 1.58674 8
1774941879602 1.55595 9
1774941879668 1.5422 10
1774941879724 1.49864 11
1774941879788 1.50974 12
1774941879835 1.49692 13
1774941879902 1.49586 14
1774941879962 1.49318 15
1774941880018 1.48415 16
1774941880074 1.43259 17
1774941880138 1.43515 18
1774941880186 1.42441 19
1774941880252 1.42878 20
1774941880302 1.42991 21
1774941880361 1.36924 22
1774941880424 1.36033 23
1774941880474 1.35392 24
1774941880537 1.34361 25
1774941880618 1.3267 26
1774941880680 1.32307 27
1774941880752 1.31498 28
1774941880824 1.28557 29
1774941880888 1.3004 30
